43
330
6 33
10 29
20 14
20 13
40 14
7 30
40 9
2 3
16 34
6 18
6 30
20 8
31 3
5 28
26 34
31 15
16 14
10 15
26 22
31 18
7 11
20 11
16 8
31 4
31 33
2 9
7 35
26 29
20 18
5 42
26 3
5 38
6 15
7 18
16 33
40 21
26 13
2 22
7 24
2 38
7 25
26 17
6 24
31 11
5 33
31 37
31 35
7 29
7 9
16 36
5 35
2 35
2 18
6 41
7 4
16 24
10 35
20 1
20 38
6 13
7 39
40 17
16 25
26 1
40 38
5 15
2 14
20 19
40 25
6 9
26 21
31 29
40 42
16 28
20 42
2 23
26 24
40 35
2 21
6 42
5 41
5 14
16 29
6 12
6 28
10 33
5 4
40 27
31 9
5 36
7 23
6 34
6 11
16 1
40 22
2 28
31 12
20 34
2 8
16 15
6 21
20 29
5 24
40 15
10 21
2 17
20 41
40 43
40 11
16 4
10 13
2 19
10 1
20 23
16 12
16 38
10 11
7 41
5 8
10 32
40 34
10 39
40 41
7 27
7 43
5 29
10 23
16 9
40 8
10 25
7 36
40 23
6 43
5 13
6 32
7 3
40 3
10 36
10 3
40 24
20 25
20 30
16 19
31 24
10 41
10 34
10 42
2 1
26 11
10 9
5 9
31 39
16 21
2 15
5 43
6 4
7 12
16 11
5 11
40 18
10 12
7 8
6 17
40 28
6 37
10 28
2 12
26 30
10 17
7 32
7 28
2 41
5 22
10 14
26 41
40 1
40 29
26 14
6 3
10 22
40 37
40 4
31 23
5 37
31 1
7 42
2 42
7 38
20 17
7 19
26 25
20 15
5 32
31 8
2 11
20 3
20 21
6 27
16 37
20 22
26 33
20 35
26 27
2 25
40 19
26 42
26 37
20 43
40 33
5 21
26 9
5 23
20 33
6 38
26 43
2 13
10 4
26 12
6 19
5 34
31 17
6 22
2 43
2 37
40 36
20 24
5 3
26 15
31 25
16 27
31 43
20 12
10 37
31 28
5 30
10 43
16 42
5 25
16 22
16 39
5 1
5 17
26 32
20 28
26 23
16 13
2 27
40 12
7 15
6 25
6 8
7 14
20 27
26 38
16 41
10 30
16 18
2 36
7 22
10 24
26 39
7 17
40 39
6 39
7 21
31 36
20 9
6 1
7 1
2 33
40 30
2 29
16 32
10 8
31 42
20 32
2 24
16 30
16 23
5 18
31 34
7 13
10 18
20 39
26 35
31 27
26 36
16 3
20 36
10 19
26 8
2 30
31 21
6 29
10 38
7 33
31 32
6 14
26 18
40 13
20 4
26 4
7 37
10 27
5 27
2 32
2 4
31 41
5 12
16 43
20 37
16 35
31 19
31 13
26 28
7 34
5 19
6 35
31 22
40 32
6 36
6 23
26 19
5 39
31 14
2 39
31 38
16 17
31 30
2 34
