500
499
357 162
486 295
38 275
258 428
59 465
380 184
387 456
130 298
260 147
133 171
284 106
240 219
176 220
50 265
473 272
238 148
435 400
497 207
314 359
396 11
124 50
394 341
305 378
137 135
185 213
11 121
239 398
325 217
326 44
433 187
406 396
198 104
447 3
324 299
100 245
470 240
269 129
56 302
131 380
395 360
235 344
283 368
94 475
362 442
76 364
332 421
278 113
443 75
19 222
210 180
227 9
393 200
120 90
93 320
199 367
358 199
292 448
343 316
75 136
105 463
321 105
86 149
489 366
302 189
84 156
175 377
414 93
221 23
425 29
267 71
329 39
230 342
179 271
73 233
37 72
248 83
488 169
439 262
420 266
308 274
60 45
383 268
186 76
498 343
452 36
475 393
423 159
418 291
291 399
29 327
214 96
68 1
72 317
182 157
102 277
164 70
42 308
90 98
207 10
40 63
243 335
174 423
3 108
83 25
493 239
477 415
323 118
18 433
370 201
152 19
46 252
437 363
261 296
483 431
145 138
479 74
117 307
136 34
304 286
119 324
320 432
359 389
381 214
388 346
183 18
442 51
132 429
49 165
6 243
67 289
122 305
478 194
367 164
407 13
219 123
337 238
385 439
306 437
430 487
468 146
217 469
339 253
107 175
346 472
172 365
463 495
297 5
341 120
338 69
253 172
43 14
77 411
450 212
4 16
318 388
378 374
379 334
154 417
218 28
492 56
33 183
96 449
259 326
335 167
311 486
342 226
141 150
192 372
31 482
21 287
74 293
416 8
355 358
330 362
417 338
71 254
232 24
431 379
194 273
428 33
216 425
467 206
266 427
286 59
242 361
389 6
282 215
347 325
8 255
465 438
213 443
20 328
453 88
449 198
118 60
69 452
129 492
245 345
427 137
471 381
382 284
163 457
173 221
81 58
97 110
277 348
351 412
474 332
377 313
121 300
300 43
419 309
421 196
140 264
438 166
205 373
434 402
178 21
265 394
201 181
209 144
485 192
364 142
85 86
281 258
376 20
399 311
170 155
80 251
356 485
270 322
375 111
288 259
222 47
229 261
64 499
412 236
36 500
255 350
441 133
491 489
13 440
408 354
368 369
108 397
109 130
28 84
171 446
156 139
82 391
271 336
448 270
315 124
350 278
472 376
208 17
134 304
61 126
496 242
480 46
460 441
166 349
91 30
27 462
127 195
25 42
167 337
252 140
138 405
241 445
344 418
92 256
287 288
445 127
410 269
112 64
181 303
454 228
500 318
237 177
487 230
228 65
55 87
78 355
366 57
275 382
191 241
363 174
264 281
148 257
484 7
244 458
184 408
313 186
249 424
371 173
10 282
159 182
263 410
455 435
276 323
23 116
48 160
203 52
89 231
162 95
274 208
151 73
413 480
200 82
432 61
404 356
15 493
429 384
128 333
2 306
402 403
403 276
401 41
234 216
262 404
226 340
461 330
285 179
272 15
294 484
298 143
233 383
289 450
481 488
444 211
99 347
106 154
352 163
116 468
142 280
466 85
66 54
115 385
224 117
139 260
251 32
135 22
372 481
309 301
236 190
155 419
361 91
1 447
39 434
180 89
307 329
328 125
440 267
411 248
231 461
187 464
319 131
32 38
169 114
392 470
88 204
462 81
30 132
384 497
95 496
494 128
322 40
65 68
79 407
273 92
247 357
193 297
373 134
98 422
316 66
293 498
482 151
390 227
296 49
436 77
295 351
415 31
469 451
197 153
353 246
476 395
212 55
211 474
104 455
327 339
254 229
206 479
223 477
250 353
168 115
110 444
12 185
215 188
310 178
456 225
391 409
149 161
16 426
24 414
386 244
464 249
165 420
195 279
150 476
451 292
113 491
398 494
70 416
125 112
114 103
374 234
51 392
336 210
349 203
177 263
52 467
422 283
158 460
348 321
143 390
333 27
225 430
331 459
409 37
365 67
22 453
334 473
196 99
495 101
157 247
360 478
63 119
257 285
268 312
54 26
345 224
9 168
446 78
160 352
426 80
45 205
189 152
126 237
490 176
7 375
47 107
5 232
400 290
57 490
103 371
457 401
44 158
340 386
303 235
14 35
34 170
41 436
147 97
153 12
279 53
312 250
190 145
87 223
204 109
123 310
369 471
458 218
17 122
317 454
424 314
354 483
101 197
202 370
26 79
256 413
299 62
161 102
459 315
35 331
53 294
280 48
144 94
62 4
246 141
405 387
397 466
220 406
58 191
188 193
290 202
111 209
301 2
499 100
